2.46229e-07
3.19075e-07
4.13471e-07
5.35794e-07
6.94306e-07
8.99713e-07
1.16589e-06
1.51081e-06
1.95777e-06
2.53697e-06
3.28752e-06
4.26011e-06
5.52044e-06
7.15363e-06
9.26999e-06
1.20125e-05
1.55663e-05
2.01715e-05
2.61391e-05
3.38722e-05
4.38931e-05
5.68786e-05
7.37058e-05
9.55112e-05
0.000123768
0.000160384
0.000207832
0.000269318
0.000348994
0.000452242
0.000586036
0.000759411
0.000984078
0.00127521
0.00165248
0.00214135
0.00277486
0.00359578
0.00465958
0.00603808
0.00782442
0.0101392
0.0131389
0.0170259
0.0220629
0.0285901
0.0370483
0.0480089
0.062212
0.0806171
0.104467
0.135373
0.175423
0.22732
0.294572
0.381719
0.494649
0.640988
0.83062
1.07635
1.39479
1.80743
2.34214
3.03505
3.93296
5.0965
6.60427
8.55811
11.09
14.3709
18.6224
24.1318
31.271
40.5223
52.5106
68.0456
88.1765
114.263
148.067
191.872
248.636
322.194
417.513
541.032
701.093
908.507
1177.28
1525.58
1976.91
2561.77
3319.65
4301.75
5574.4
7223.55
9360.59
12129.9
15718.4
20368.6
26394.6
34203.3
