1.3713e-05
1.7105e-05
2.1336e-05
2.66136e-05
3.31965e-05
4.14078e-05
5.16502e-05
6.4426e-05
8.03621e-05
0.00010024
0.000125035
0.000155962
0.00019454
0.000242661
0.000302684
0.000377554
0.000470943
0.000587433
0.000732736
0.000913981
0.00114006
0.00142206
0.00177381
0.00221256
0.00275985
0.00344251
0.00429403
0.00535617
0.00668104
0.00833363
0.010395
0.0129662
0.0161735
0.020174
0.0251641
0.0313886
0.0391527
0.0488373
0.0609173
0.0759855
0.0947808
0.118225
0.147469
0.183946
0.229445
0.286199
0.356992
0.445295
0.55544
0.692831
0.864205
1.07797
1.34461
1.6772
2.09207
2.60955
3.25503
4.06017
5.06447
6.31719
7.87977
9.82886
12.2601
15.2926
19.0753
23.7937
29.6791
37.0204
46.1775
57.5997
71.8472
89.6189
111.786
139.437
173.928
216.949
270.613
337.55
421.044
525.191
655.098
817.14
1019.26
1271.38
1585.86
1978.13
2467.43
3077.76
3839.05
4788.65
5973.15
7450.63
9293.57
11592.4
14459.8
18036.5
22497.9
28062.8
35004.2
43662.6
