0.00327275
0.00383643
0.00449719
0.00527176
0.00617974
0.00724409
0.00849177
0.00995433
0.0116688
0.0136786
0.0160345
0.0187961
0.0220335
0.0258284
0.0302769
0.0354916
0.0416044
0.0487701
0.0571699
0.0670165
0.078559
0.0920894
0.10795
0.126543
0.148338
0.173887
0.203836
0.238943
0.280097
0.328339
0.38489
0.451181
0.52889
0.619982
0.726764
0.851937
0.998669
1.17067
1.3723
1.60866
1.88572
2.21051
2.59123
3.03753
3.56069
4.17396
4.89286
5.73557
6.72343
7.88143
9.23888
10.8301
12.6954
14.882
17.4452
20.4498
23.972
28.1008
32.9406
38.6141
45.2648
53.0609
62.1997
72.9126
85.4706
100.192
117.448
137.676
161.389
189.185
221.769
259.965
304.74
357.227
418.753
490.876
575.422
674.528
790.705
926.891
1086.53
1273.67
1493.04
1750.19
2051.63
2404.99
2819.21
3304.77
3873.96
4541.19
5323.33
6240.19
7314.96
8574.84
10051.7
11783
13812.4
16191.3
18980
22249
