3.53421e-05
4.36688e-05
5.39571e-05
6.66695e-05
8.23768e-05
0.000101785
0.000125765
0.000155396
0.000192007
0.000237244
0.000293139
0.000362203
0.000447538
0.000552978
0.00068326
0.000844236
0.00104314
0.0012889
0.00159257
0.00196778
0.00243139
0.00300422
0.00371202
0.00458657
0.00566717
0.00700236
0.00865212
0.0106906
0.0132093
0.0163214
0.0201667
0.024918
0.0307887
0.0380425
0.0470053
0.0580798
0.0717634
0.0886709
0.109562
0.135375
0.167269
0.206678
0.255371
0.315537
0.389877
0.481732
0.595229
0.735465
0.908741
1.12284
1.38738
1.71425
2.11813
2.61716
3.23377
3.99564
4.93702
6.10018
7.53739
9.3132
11.5074
14.2185
17.5684
21.7076
26.8219
33.1411
40.9492
50.5968
62.5175
77.2466
95.446
117.933
145.718
180.049
222.469
274.883
339.646
419.666
518.54
640.708
791.659
978.175
1208.63
1493.39
1845.23
2279.97
2817.13
3480.85
4300.94
5314.24
6566.27
8113.29
10024.8
12386.6
15304.9
18910.8
23366.2
28871.2
35673.3
44078
