0.00098072
0.00116357
0.00138051
0.0016379
0.00194328
0.0023056
0.00273547
0.00324548
0.00385059
0.00456852
0.00542029
0.00643088
0.00762989
0.00905245
0.0107402
0.0127427
0.0151185
0.0179373
0.0212817
0.0252495
0.0299572
0.0355426
0.0421693
0.0500316
0.0593598
0.0704271
0.0835579
0.0991369
0.117621
0.13955
0.165569
0.196439
0.233064
0.276517
0.328073
0.38924
0.461813
0.547915
0.650072
0.771275
0.915075
1.08569
1.28811
1.52827
1.81321
2.15127
2.55237
3.02825
3.59285
4.26272
5.05749
6.00043
7.11919
8.44653
10.0213
11.8898
14.1066
16.7367
19.8572
23.5594
27.952
33.1635
39.3467
46.6827
55.3865
65.7131
77.965
92.5012
109.748
130.21
154.487
183.29
217.464
258.009
306.113
363.187
430.901
511.241
606.559
719.65
853.825
1013.02
1201.89
1425.98
1691.84
2007.28
2381.53
2825.55
3352.37
3977.4
4718.97
5598.8
6642.67
7881.16
9350.57
11093.9
13162.4
15616.4
18528
21982.5
