3.77872e-06
4.7782e-06
6.04205e-06
7.64018e-06
9.66102e-06
1.22164e-05
1.54476e-05
1.95336e-05
2.47002e-05
3.12335e-05
3.94948e-05
4.99413e-05
6.31509e-05
7.98544e-05
0.000100976
0.000127684
0.000161457
0.000204163
0.000258165
0.00032645
0.000412796
0.000521982
0.000660047
0.00083463
0.00105539
0.00133455
0.00168754
0.00213389
0.00269831
0.00341202
0.0043145
0.0054557
0.00689874
0.00872347
0.0110309
0.0139485
0.0176379
0.0223032
0.0282025
0.0356621
0.0450948
0.0570224
0.072105
0.0911769
0.115293
0.145789
0.18435
0.233111
0.294769
0.372737
0.471326
0.595993
0.753634
0.952972
1.20503
1.52377
1.92681
2.43645
3.0809
3.89581
4.92625
6.22926
7.87691
9.96037
12.5949
15.9263
20.1388
25.4656
32.2013
40.7186
51.4887
65.1076
82.3287
104.105
131.641
166.46
210.489
266.164
336.564
425.586
538.155
680.498
860.491
1088.09
1375.9
1739.82
2200.01
2781.92
3517.74
4448.19
5624.74
7112.5
8993.77
11372.6
14380.7
18184.5
22994.3
29076.3
36767.1
46492
