0.00104151
0.00123042
0.00145359
0.00171723
0.0020287
0.00239666
0.00283136
0.00334491
0.0039516
0.00466833
0.00551506
0.00651536
0.00769711
0.00909319
0.0107425
0.0126909
0.0149928
0.0177121
0.0209247
0.02472
0.0292036
0.0345005
0.0407581
0.0481508
0.0568842
0.0672017
0.0793906
0.0937903
0.110802
0.130899
0.154641
0.182689
0.215825
0.254971
0.301217
0.35585
0.420394
0.496644
0.586724
0.693142
0.818862
0.967386
1.14285
1.35013
1.59502
1.88432
2.22609
2.62986
3.10685
3.67036
4.33609
5.12256
6.05167
7.14931
8.44603
9.97795
11.7877
13.9258
16.4516
19.4355
22.9607
27.1252
32.0452
37.8574
44.7239
52.8358
62.419
73.7405
87.1153
102.916
121.583
143.635
169.687
200.465
236.825
279.779
330.525
390.475
461.298
544.967
643.812
760.585
898.538
1061.51
1254.05
1481.5
1750.21
2067.66
2442.69
2885.74
3409.15
4027.49
4757.99
5620.98
6640.5
7844.94
9267.83
10948.8
12934.7
15280.7
